local partsWithId = {}
local awaitRef = {}

local root = {
	ID = 0;
	Type = "Folder";
	Properties = {
		Name = "ServerStorage";
	};
	Children = {
		{
			ID = 1;
			Type = "Folder";
			Properties = {
				Name = "Animations";
			};
			Children = {
				{
					ID = 2;
					Type = "Folder";
					Properties = {
						Name = "R15Animations";
					};
					Children = {
						{
							ID = 3;
							Type = "KeyframeSequence";
							Properties = {
								Name = "Bang";
							};
							Children = {
								{
									ID = 4;
									Type = "Keyframe";
									Properties = {};
									Children = {
										{
											ID = 5;
											Type = "Pose";
											Properties = {
												Name = "HumanoidRootPart";
												Weight = 0;
											};
											Children = {
												{
													ID = 6;
													Type = "Pose";
													Properties = {
														Name = "LowerTorso";
														CFrame = CFrame.new(0,0,0.17298340797424316,1,0,0,0,1,0,0,0,1);
													};
													Children = {
														{
															ID = 7;
															Type = "Pose";
															Properties = {
																Name = "LeftUpperLeg";
																CFrame = CFrame.new(1.043081283569336e-07,-2.086162567138672e-07,-2.2351741790771484e-08,0.9994564056396484,0.03282572329044342,-0.0030365455895662308,-0.032965872436761856,0.9952074289321899,-0.09206172078847885,0,0.09211178869009018,0.9957486987113953);
															};
															Children = {
																{
																	ID = 8;
																	Type = "Pose";
																	Properties = {
																		Name = "LeftLowerLeg";
																		CFrame = CFrame.new(0,-2.9802322387695312e-08,3.725290298461914e-09,1,0,0,0,0.9981138706207275,0.06138968467712402,0,-0.06138968467712402,0.9981138706207275);
																	};
																	Children = {
																		{
																			ID = 9;
																			Type = "Pose";
																			Properties = {
																				Name = "LeftFoot";
																			};
																			Children = {};
																		};
																	};
																};
															};
														};
														{
															ID = 10;
															Type = "Pose";
															Properties = {
																Name = "UpperTorso";
																CFrame = CFrame.new(0,0,0,1,0,0,0,0.9879645705223083,0.15468023717403412,0,-0.15468023717403412,0.9879645705223083);
															};
															Children = {
																{
																	ID = 11;
																	Type = "Pose";
																	Properties = {
																		Name = "LeftUpperArm";
																		CFrame = CFrame.new(0,-5.960464477539063e-08,5.960464477539063e-08,0.9379417896270752,-0.34679272770881653,0,0.23636804521083832,0.6392852067947388,-0.7317407131195068,0.2537623643875122,0.6863301992416382,0.681583046913147);
																	};
																	Children = {
																		{
																			ID = 12;
																			Type = "Pose";
																			Properties = {
																				Name = "LeftLowerArm";
																				CFrame = CFrame.new(0,-3.2782554626464844e-07,-2.9802322387695312e-08,1,0,0,0,0.928044855594635,-0.37246838212013245,0,0.37246838212013245,0.928044855594635);
																			};
																			Children = {
																				{
																					ID = 13;
																					Type = "Pose";
																					Properties = {
																						Name = "LeftHand";
																					};
																					Children = {};
																				};
																			};
																		};
																	};
																};
																{
																	ID = 14;
																	Type = "Pose";
																	Properties = {
																		Name = "RightUpperArm";
																		CFrame = CFrame.new(-2.9802322387695312e-08,-2.980232238769531e-07,-5.960464477539063e-08,0.9413509368896484,0.33742913603782654,0,-0.22118902206420898,0.6170673370361328,-0.7551842331886292,-0.25482115149497986,0.7108933925628662,0.6555125117301941);
																	};
																	Children = {
																		{
																			ID = 15;
																			Type = "Pose";
																			Properties = {
																				Name = "RightLowerArm";
																				CFrame = CFrame.new(0,1.7881393432617188e-07,2.2351741790771484e-08,1,0,0,0,0.9729481935501099,-0.23102349042892456,0,0.23102349042892456,0.9729481935501099);
																			};
																			Children = {
																				{
																					ID = 16;
																					Type = "Pose";
																					Properties = {
																						Name = "RightHand";
																					};
																					Children = {};
																				};
																			};
																		};
																	};
																};
																{
																	ID = 17;
																	Type = "Pose";
																	Properties = {
																		Name = "Head";
																		CFrame = CFrame.new(0,3.2782554626464844e-07,4.470348358154297e-08,1,0,0,0,0.991873025894165,-0.12723150849342346,0,0.12723150849342346,0.991873025894165);
																	};
																	Children = {};
																};
																{
																	ID = 18;
																	Type = "Pose";
																	Properties = {
																		Name = "TtsW";
																	};
																	Children = {};
																};
															};
														};
														{
															ID = 19;
															Type = "Pose";
															Properties = {
																Name = "Btt";
																CFrame = CFrame.new(2.0489096641540527e-08,-1.1920928955078125e-07,1.1920928955078125e-07,0.9999995827674866,5.960464477539063e-08,1.4901161193847656e-08,4.563480615615845e-08,1,7.450580596923828e-08,2.60770320892334e-08,1.043081283569336e-07,1);
															};
															Children = {};
														};
														{
															ID = 20;
															Type = "Pose";
															Properties = {
																Name = "RightUpperLeg";
																CFrame = CFrame.new(8.940696716308594e-08,-1.4901161193847656e-07,-1.4901161193847656e-08,0.9970910549163818,-0.07602957636117935,0.005383736453950405,0.07621995359659195,0.9946005344390869,-0.07042873650789261,0,0.07063420861959457,0.9975022673606873);
															};
															Children = {
																{
																	ID = 21;
																	Type = "Pose";
																	Properties = {
																		Name = "RightLowerLeg";
																		CFrame = CFrame.new(-2.9802322387695312e-08,-1.4901161193847656e-07,0,0.9986771941184998,0.05141815170645714,0,-0.05141815170645714,0.9986771941184998,0,0,0,1);
																	};
																	Children = {
																		{
																			ID = 22;
																			Type = "Pose";
																			Properties = {
																				Name = "RightFoot";
																			};
																			Children = {};
																		};
																	};
																};
															};
														};
														{
															ID = 23;
															Type = "Pose";
															Properties = {
																Name = "Pn";
																CFrame = CFrame.new(0,-5.960464477539063e-08,-5.960464477539063e-08,1,0.000004458314833755139,4.0496161091141403e-07,-0.000004476645244722022,0.9956013560295105,0.09368997812271118,1.4533725334331393e-08,-0.09368997812271118,0.9956013560295105);
															};
															Children = {};
														};
													};
												};
											};
										};
									};
								};
								{
									ID = 24;
									Type = "Keyframe";
									Properties = {
										Time = 0.75;
									};
									Children = {
										{
											ID = 25;
											Type = "Pose";
											Properties = {
												Name = "HumanoidRootPart";
												Weight = 0;
											};
											Children = {
												{
													ID = 26;
													Type = "Pose";
													Properties = {
														Name = "LowerTorso";
														CFrame = CFrame.new(0,0,-0.39587414264678955,1,0,0,0,1,0,0,0,1);
													};
													Children = {
														{
															ID = 27;
															Type = "Pose";
															Properties = {
																Name = "LeftUpperLeg";
																CFrame = CFrame.new(1.1920928955078125e-07,-1.4901161193847656e-07,7.450580596923828e-09,0.9994564056396484,0.032289791852235794,0.006642147898674011,-0.032965872436761856,0.9789590835571289,0.2013760805130005,0,-0.20148558914661407,0.9794915318489075);
															};
															Children = {
																{
																	ID = 28;
																	Type = "Pose";
																	Properties = {
																		Name = "LeftLowerLeg";
																		CFrame = CFrame.new(0,-2.9802322387695312e-08,1.1175870895385742e-08,1,0,0,0,0.9875848293304443,0.1570867896080017,0,-0.1570867896080017,0.9875848293304443);
																	};
																	Children = {
																		{
																			ID = 29;
																			Type = "Pose";
																			Properties = {
																				Name = "LeftFoot";
																				CFrame = CFrame.new(0,2.9802322387695312e-08,0,1,0,0,0,0.9809077978134155,-0.19447332620620728,0,0.19447332620620728,0.9809077978134155);
																			};
																			Children = {};
																		};
																	};
																};
															};
														};
														{
															ID = 30;
															Type = "Pose";
															Properties = {
																Name = "UpperTorso";
																CFrame = CFrame.new(0,2.980232238769531e-07,-5.21540641784668e-08,1,0,0,0,0.9946314096450806,-0.10348072648048401,0,0.10348072648048401,0.9946314096450806);
															};
															Children = {
																{
																	ID = 31;
																	Type = "Pose";
																	Properties = {
																		Name = "LeftUpperArm";
																		CFrame = CFrame.new(-0.0037265419960021973,0.018086910247802734,0.1290731579065323,0.9385747909545898,-0.3419090509414673,-0.04664265364408493,0.2674010694026947,0.8060676455497742,-0.5279693603515625,0.21811462938785553,0.48306646943092346,0.8479816317558289);
																	};
																	Children = {};
																};
																{
																	ID = 32;
																	Type = "Pose";
																	Properties = {
																		Name = "RightUpperArm";
																		CFrame = CFrame.new(0.003479093313217163,0.01446947455406189,0.0986870527267456,0.9059454202651978,0.42179223895072937,0.036798879504203796,-0.3179384768009186,0.735121488571167,-0.5987582802772522,-0.2796032726764679,0.5307425856590271,0.8000839352607727);
																	};
																	Children = {};
																};
																{
																	ID = 33;
																	Type = "Pose";
																	Properties = {
																		Name = "Head";
																		CFrame = CFrame.new(0,2.980232238769531e-07,1.862645149230957e-08,1,0,0,0,0.9994655251502991,0.03268881142139435,0,-0.03268881142139435,0.9994655251502991);
																	};
																	Children = {};
																};
															};
														};
														{
															ID = 34;
															Type = "Pose";
															Properties = {
																Name = "RightUpperLeg";
																CFrame = CFrame.new(7.450580596923828e-08,-1.1920928955078125e-07,0,0.9970910549163818,-0.07444845885038376,-0.016337336972355843,0.07621995359659195,0.9739167094230652,0.21372109651565552,0,-0.21434462070465088,0.9767581224441528);
															};
															Children = {
																{
																	ID = 35;
																	Type = "Pose";
																	Properties = {
																		Name = "RightLowerLeg";
																		CFrame = CFrame.new(-2.9802322387695312e-08,-1.4901161193847656e-07,-3.725290298461914e-09,0.9986771941184998,0.050970401614904404,0.006770846899598837,-0.05141815170645714,0.9899806976318359,0.13150784373283386,0,-0.13168203830718994,0.9912919998168945);
																	};
																	Children = {
																		{
																			ID = 36;
																			Type = "Pose";
																			Properties = {
																				Name = "RightFoot";
																				CFrame = CFrame.new(0,-2.9802322387695312e-08,1.4901161193847656e-08,1,0,0,0,0.980999231338501,-0.1940116584300995,0,0.1940116584300995,0.980999231338501);
																			};
																			Children = {};
																		};
																	};
																};
															};
														};
													};
												};
											};
										};
									};
								};
								{
									ID = 37;
									Type = "Keyframe";
									Properties = {
										Time = 1.5;
									};
									Children = {
										{
											ID = 38;
											Type = "Pose";
											Properties = {
												Name = "HumanoidRootPart";
												Weight = 0;
											};
											Children = {
												{
													ID = 39;
													Type = "Pose";
													Properties = {
														Name = "LowerTorso";
														CFrame = CFrame.new(0,0,0.17298340797424316,1,0,0,0,1,0,0,0,1);
													};
													Children = {
														{
															ID = 40;
															Type = "Pose";
															Properties = {
																Name = "LeftUpperLeg";
																CFrame = CFrame.new(1.043081283569336e-07,-2.086162567138672e-07,-2.2351741790771484e-08,0.9994564056396484,0.03282572329044342,-0.0030365455895662308,-0.032965872436761856,0.9952074289321899,-0.09206172078847885,0,0.09211178869009018,0.9957486987113953);
															};
															Children = {
																{
																	ID = 41;
																	Type = "Pose";
																	Properties = {
																		Name = "LeftLowerLeg";
																		CFrame = CFrame.new(0,-2.9802322387695312e-08,3.725290298461914e-09,1,0,0,0,0.9981138706207275,0.06138968467712402,0,-0.06138968467712402,0.9981138706207275);
																	};
																	Children = {
																		{
																			ID = 42;
																			Type = "Pose";
																			Properties = {
																				Name = "LeftFoot";
																			};
																			Children = {};
																		};
																	};
																};
															};
														};
														{
															ID = 43;
															Type = "Pose";
															Properties = {
																Name = "UpperTorso";
																CFrame = CFrame.new(0,0,0,1,0,0,0,0.9879645705223083,0.15468023717403412,0,-0.15468023717403412,0.9879645705223083);
															};
															Children = {
																{
																	ID = 44;
																	Type = "Pose";
																	Properties = {
																		Name = "LeftUpperArm";
																		CFrame = CFrame.new(0,-5.960464477539063e-08,5.960464477539063e-08,0.9379417896270752,-0.34679272770881653,0,0.23636804521083832,0.6392852067947388,-0.7317407131195068,0.2537623643875122,0.6863301992416382,0.681583046913147);
																	};
																	Children = {
																		{
																			ID = 45;
																			Type = "Pose";
																			Properties = {
																				Name = "LeftLowerArm";
																				CFrame = CFrame.new(0,-3.2782554626464844e-07,-2.9802322387695312e-08,1,0,0,0,0.928044855594635,-0.37246838212013245,0,0.37246838212013245,0.928044855594635);
																			};
																			Children = {
																				{
																					ID = 46;
																					Type = "Pose";
																					Properties = {
																						Name = "LeftHand";
																					};
																					Children = {};
																				};
																			};
																		};
																	};
																};
																{
																	ID = 47;
																	Type = "Pose";
																	Properties = {
																		Name = "RightUpperArm";
																		CFrame = CFrame.new(-2.9802322387695312e-08,-2.980232238769531e-07,-5.960464477539063e-08,0.9413509368896484,0.33742913603782654,0,-0.22118902206420898,0.6170673370361328,-0.7551842331886292,-0.25482115149497986,0.7108933925628662,0.6555125117301941);
																	};
																	Children = {
																		{
																			ID = 48;
																			Type = "Pose";
																			Properties = {
																				Name = "RightLowerArm";
																				CFrame = CFrame.new(0,1.7881393432617188e-07,2.2351741790771484e-08,1,0,0,0,0.9729481935501099,-0.23102349042892456,0,0.23102349042892456,0.9729481935501099);
																			};
																			Children = {
																				{
																					ID = 49;
																					Type = "Pose";
																					Properties = {
																						Name = "RightHand";
																					};
																					Children = {};
																				};
																			};
																		};
																	};
																};
																{
																	ID = 50;
																	Type = "Pose";
																	Properties = {
																		Name = "Head";
																		CFrame = CFrame.new(0,3.2782554626464844e-07,4.470348358154297e-08,1,0,0,0,0.991873025894165,-0.12723150849342346,0,0.12723150849342346,0.991873025894165);
																	};
																	Children = {};
																};
															};
														};
														{
															ID = 51;
															Type = "Pose";
															Properties = {
																Name = "Btt";
																CFrame = CFrame.new(2.0489096641540527e-08,-1.1920928955078125e-07,1.1920928955078125e-07,0.9999995827674866,5.960464477539063e-08,1.4901161193847656e-08,4.563480615615845e-08,1,7.450580596923828e-08,2.60770320892334e-08,1.043081283569336e-07,1);
															};
															Children = {};
														};
														{
															ID = 52;
															Type = "Pose";
															Properties = {
																Name = "RightUpperLeg";
																CFrame = CFrame.new(8.940696716308594e-08,-1.4901161193847656e-07,-1.4901161193847656e-08,0.9970910549163818,-0.07602957636117935,0.005383736453950405,0.07621995359659195,0.9946005344390869,-0.07042873650789261,0,0.07063420861959457,0.9975022673606873);
															};
															Children = {
																{
																	ID = 53;
																	Type = "Pose";
																	Properties = {
																		Name = "RightLowerLeg";
																		CFrame = CFrame.new(-2.9802322387695312e-08,-1.4901161193847656e-07,0,0.9986771941184998,0.05141815170645714,0,-0.05141815170645714,0.9986771941184998,0,0,0,1);
																	};
																	Children = {
																		{
																			ID = 54;
																			Type = "Pose";
																			Properties = {
																				Name = "RightFoot";
																			};
																			Children = {};
																		};
																	};
																};
															};
														};
													};
												};
											};
										};
									};
								};
							};
						};
						{
							ID = 55;
							Type = "KeyframeSequence";
							Properties = {
								Name = "Suck";
							};
							Children = {
								{
									ID = 56;
									Type = "Keyframe";
									Properties = {};
									Children = {
										{
											ID = 57;
											Type = "Pose";
											Properties = {
												Name = "HumanoidRootPart";
												Weight = 0;
											};
											Children = {
												{
													ID = 58;
													Type = "Pose";
													Properties = {
														Name = "LowerTorso";
														CFrame = CFrame.new(0,-1.6050171852111816,0.8620051145553589,1,0,0,0,0.995579719543457,0.09392018616199493,0,-0.09392018616199493,0.995579719543457);
													};
													Children = {
														{
															ID = 59;
															Type = "Pose";
															Properties = {
																Name = "LeftUpperLeg";
																CFrame = CFrame.new(0,2.60770320892334e-08,-4.76837158203125e-07,1,0,0,0,-0.008466662839055061,-0.99996417760849,0,0.99996417760849,-0.008466662839055061);
															};
															Children = {
																{
																	ID = 60;
																	Type = "Pose";
																	Properties = {
																		Name = "LeftLowerLeg";
																		CFrame = CFrame.new(2.9802322387695312e-08,-5.066394805908203e-07,-1.862645149230957e-08,0.9922189712524414,0.12450523674488068,0,0.12449781596660614,-0.9921598434448242,-0.010916471481323242,-0.0013591578463092446,0.010831530205905437,-0.9999403953552246);
																	};
																	Children = {
																		{
																			ID = 61;
																			Type = "Pose";
																			Properties = {
																				Name = "LeftFoot";
																				CFrame = CFrame.new(0,1.1175870895385742e-08,-2.5331974029541016e-07,1,0,0,0,0.8763427138328552,0.48168808221817017,0,-0.48168808221817017,0.8763427138328552);
																			};
																			Children = {};
																		};
																	};
																};
															};
														};
														{
															ID = 62;
															Type = "Pose";
															Properties = {
																Name = "UpperTorso";
																CFrame = CFrame.new(0,-0.17502892017364502,0.2912018895149231,1,0,0,0,0.8878856897354126,0.46006423234939575,0,-0.46006423234939575,0.8878856897354126);
															};
															Children = {
																{
																	ID = 63;
																	Type = "Pose";
																	Properties = {
																		Name = "LeftUpperArm";
																		CFrame = CFrame.new(-0.0873609259724617,-0.08852216601371765,0.17383398115634918,0.9983029961585999,0.05752328038215637,0.00906778872013092,-0.03989529609680176,0.7890170812606812,-0.6130746603012085,-0.04242068529129028,0.6116725206375122,0.7899730205535889);
																	};
																	Children = {
																		{
																			ID = 64;
																			Type = "Pose";
																			Properties = {
																				Name = "LeftLowerArm";
																				CFrame = CFrame.new(0.47011101245880127,-0.5734070539474487,0.021324777975678444,-0.2202666997909546,-0.9754397869110107,0,0.9754397869110107,-0.2202666997909546,0,0,0,1);
																			};
																			Children = {
																				{
																					ID = 65;
																					Type = "Pose";
																					Properties = {
																						Name = "LeftHand";
																					};
																					Children = {};
																				};
																			};
																		};
																	};
																};
																{
																	ID = 66;
																	Type = "Pose";
																	Properties = {
																		Name = "RightUpperArm";
																		CFrame = CFrame.new(-0.0010767579078674316,-0.34499403834342957,-0.163843035697937,0.7826536893844604,0.4841390550136566,-0.39123204350471497,-0.16357414424419403,-0.44646909832954407,-0.8797208070755005,-0.6005802750587463,0.7525122761726379,-0.27023810148239136);
																	};
																	Children = {
																		{
																			ID = 67;
																			Type = "Pose";
																			Properties = {
																				Name = "RightLowerArm";
																				CFrame = CFrame.new(-0.11500215530395508,-0.3013235330581665,-0.03421265631914139,0.4993515610694885,0.8663995265960693,0,-0.8663995265960693,0.4993515610694885,0,0,0,1);
																			};
																			Children = {
																				{
																					ID = 68;
																					Type = "Pose";
																					Properties = {
																						Name = "RightHand";
																					};
																					Children = {};
																				};
																			};
																		};
																	};
																};
																{
																	ID = 69;
																	Type = "Pose";
																	Properties = {
																		Name = "Head";
																		CFrame = CFrame.new(0,-0.0000013113021850585938,2.9802322387695312e-08,1,0,0,0,0.9533602595329285,-0.30183494091033936,0,0.30183494091033936,0.9533602595329285);
																	};
																	Children = {};
																};
																{
																	ID = 70;
																	Type = "Pose";
																	Properties = {
																		Name = "TtsW";
																	};
																	Children = {};
																};
															};
														};
														{
															ID = 71;
															Type = "Pose";
															Properties = {
																Name = "Btt";
																CFrame = CFrame.new(0.0000014156103134155273,0.000005543231964111328,4.76837158203125e-07,0.9995788931846619,-0.002376364544034004,0.02887192741036415,-0.0023835860192775726,0.9865014553070068,0.16373871266841888,-0.028871282935142517,-0.16373947262763977,0.9860806465148926);
															};
															Children = {};
														};
														{
															ID = 72;
															Type = "Pose";
															Properties = {
																Name = "RightUpperLeg";
																CFrame = CFrame.new(0,-8.847564458847046e-07,4.470348358154297e-07,1,0,0,0,0.016871482133865356,-0.9998576045036316,0,0.9998576045036316,0.016871482133865356);
															};
															Children = {
																{
																	ID = 73;
																	Type = "Pose";
																	Properties = {
																		Name = "RightLowerLeg";
																		CFrame = CFrame.new(-6.705522537231445e-08,-0.0000011622905731201172,4.284083843231201e-08,0.986811101436615,-0.16187593340873718,0,-0.16179941594600677,-0.9863446354866028,0.030742019414901733,-0.004976392257958651,-0.030336566269397736,-0.9995273351669312);
																	};
																	Children = {
																		{
																			ID = 74;
																			Type = "Pose";
																			Properties = {
																				Name = "RightFoot";
																				CFrame = CFrame.new(0,-2.5704503059387207e-07,-1.4901161193847656e-08,1,0,0,0,0.8650164604187012,0.501743495464325,0,-0.501743495464325,0.8650164604187012);
																			};
																			Children = {};
																		};
																	};
																};
															};
														};
														{
															ID = 75;
															Type = "Pose";
															Properties = {
																Name = "Pn";
																CFrame = CFrame.new(5.820766091346741e-11,0,0,1,-0.000016165959095815197,0.00000207927223527804,0.00001592297303432133,0.941691517829895,-0.3364773094654083,0.000003481458406895399,0.3364773094654083,0.941691517829895);
															};
															Children = {};
														};
													};
												};
											};
										};
									};
								};
								{
									ID = 76;
									Type = "Keyframe";
									Properties = {
										Time = 1;
									};
									Children = {
										{
											ID = 77;
											Type = "Pose";
											Properties = {
												Name = "HumanoidRootPart";
												Weight = 0;
											};
											Children = {
												{
													ID = 78;
													Type = "Pose";
													Properties = {
														Name = "LowerTorso";
														CFrame = CFrame.new(0,-1.5537340641021729,0.8571668863296509,1,0,0,0,0.995579719543457,0.09392018616199493,0,-0.09392018616199493,0.995579719543457);
													};
													Children = {
														{
															ID = 79;
															Type = "Pose";
															Properties = {
																Name = "LeftUpperLeg";
																CFrame = CFrame.new(0,-6.631016731262207e-07,-1.7881393432617188e-07,1,0,0,0,0.13578328490257263,-0.9907385110855103,0,0.9907385110855103,0.13578328490257263);
															};
															Children = {
																{
																	ID = 80;
																	Type = "Pose";
																	Properties = {
																		Name = "LeftLowerLeg";
																		CFrame = CFrame.new(-5.21540641784668e-08,-2.384185791015625e-07,-1.4901161193847656e-08,0.9852914810180664,0.1671430468559265,-0.03555094078183174,0.1708718091249466,-0.965946614742279,0.19429391622543335,-0.001865428639575839,-0.19751077890396118,-0.9802989363670349);
																	};
																	Children = {};
																};
															};
														};
														{
															ID = 81;
															Type = "Pose";
															Properties = {
																Name = "UpperTorso";
																CFrame = CFrame.new(0,-0.1750287413597107,0.29120177030563354,1,0,0,0,0.8281139135360718,0.5605599284172058,0,-0.5605599284172058,0.8281139135360718);
															};
															Children = {
																{
																	ID = 82;
																	Type = "Pose";
																	Properties = {
																		Name = "LeftUpperArm";
																		CFrame = CFrame.new(-0.0776766985654831,-0.03315460681915283,0.21669182181358337,0.990527868270874,0.1370122730731964,0.00906778872013092,-0.10273784399032593,0.7833163738250732,-0.6130746603012085,-0.09110167622566223,0.6063359379768372,0.7899730205535889);
																	};
																	Children = {};
																};
																{
																	ID = 83;
																	Type = "Pose";
																	Properties = {
																		Name = "RightUpperArm";
																		CFrame = CFrame.new(0.18347056210041046,-0.3780868947505951,-0.21980348229408264,0.8075230121612549,0.542539119720459,-0.23142561316490173,0.1671561449766159,-0.5867676734924316,-0.7923145294189453,-0.5656547546386719,0.6011280417442322,-0.5645171999931335);
																	};
																	Children = {
																		{
																			ID = 84;
																			Type = "Pose";
																			Properties = {
																				Name = "RightLowerArm";
																				CFrame = CFrame.new(-0.1400958001613617,-0.25778451561927795,-0.02620822563767433,0.4931349754333496,0.8663995265960693,0.07854867726564407,-0.8556134104728699,0.4993515610694885,-0.13628581166267395,-0.15730135142803192,0,0.987550675868988);
																			};
																			Children = {};
																		};
																	};
																};
																{
																	ID = 85;
																	Type = "Pose";
																	Properties = {
																		Name = "Head";
																		CFrame = CFrame.new(0,0.04646679759025574,-0.09282683581113815,1,0,0,0,0.9037970304489136,-0.42796164751052856,0,0.42796164751052856,0.9037970304489136);
																	};
																	Children = {};
																};
															};
														};
														{
															ID = 86;
															Type = "Pose";
															Properties = {
																Name = "Btt";
																CFrame = CFrame.new(4.377216100692749e-07,0.000004500150680541992,0.0000017285346984863281,0.9994045495986938,-0.0033654700964689255,0.03430334851145744,-0.003373967483639717,0.9808886647224426,0.1945418417453766,-0.03430246189236641,-0.19454197585582733,0.9802938103675842);
															};
															Children = {};
														};
														{
															ID = 87;
															Type = "Pose";
															Properties = {
																Name = "RightUpperLeg";
																CFrame = CFrame.new(0,-3.5390257835388184e-07,1.4901161193847656e-07,1,0,0,0,0.07836440205574036,-0.9969247579574585,0,0.9969247579574585,0.07836440205574036);
															};
															Children = {
																{
																	ID = 88;
																	Type = "Pose";
																	Properties = {
																		Name = "RightLowerLeg";
																		CFrame = CFrame.new(-1.4901161193847656e-08,-6.556510925292969e-07,7.450580596923828e-09,0.9794191122055054,-0.2013118714094162,0.014552910812199116,-0.20174181461334229,-0.9741915464401245,0.1012469157576561,-0.006204882636666298,-0.10209909081459045,-0.9947549104690552);
																	};
																	Children = {};
																};
															};
														};
														{
															ID = 89;
															Type = "Pose";
															Properties = {
																Name = "Pn";
																CFrame = CFrame.new(5.820766091346741e-11,-7.450580596923828e-08,-5.960464477539063e-08,1,-0.000013172881153877825,0.0000012606069503817707,0.000013012713679927401,0.9615652561187744,-0.27457624673843384,0.0000024048313207458705,0.27457624673843384,0.9615652561187744);
															};
															Children = {};
														};
													};
												};
											};
										};
									};
								};
								{
									ID = 90;
									Type = "Keyframe";
									Properties = {
										Time = 2;
									};
									Children = {
										{
											ID = 91;
											Type = "Pose";
											Properties = {
												Name = "HumanoidRootPart";
												Weight = 0;
											};
											Children = {
												{
													ID = 92;
													Type = "Pose";
													Properties = {
														Name = "LowerTorso";
														CFrame = CFrame.new(0,-1.6050171852111816,0.8620051145553589,1,0,0,0,0.995579719543457,0.09392018616199493,0,-0.09392018616199493,0.995579719543457);
													};
													Children = {
														{
															ID = 93;
															Type = "Pose";
															Properties = {
																Name = "LeftUpperLeg";
																CFrame = CFrame.new(0,2.60770320892334e-08,-4.76837158203125e-07,1,0,0,0,-0.008466662839055061,-0.99996417760849,0,0.99996417760849,-0.008466662839055061);
															};
															Children = {
																{
																	ID = 94;
																	Type = "Pose";
																	Properties = {
																		Name = "LeftLowerLeg";
																		CFrame = CFrame.new(2.9802322387695312e-08,-5.066394805908203e-07,-1.862645149230957e-08,0.9922189712524414,0.12450523674488068,0,0.12449781596660614,-0.9921598434448242,-0.010916471481323242,-0.0013591578463092446,0.010831530205905437,-0.9999403953552246);
																	};
																	Children = {
																		{
																			ID = 95;
																			Type = "Pose";
																			Properties = {
																				Name = "LeftFoot";
																				CFrame = CFrame.new(0,1.1175870895385742e-08,-2.5331974029541016e-07,1,0,0,0,0.8763427138328552,0.48168808221817017,0,-0.48168808221817017,0.8763427138328552);
																			};
																			Children = {};
																		};
																	};
																};
															};
														};
														{
															ID = 96;
															Type = "Pose";
															Properties = {
																Name = "UpperTorso";
																CFrame = CFrame.new(0,-0.17502892017364502,0.2912018895149231,1,0,0,0,0.8878856897354126,0.46006423234939575,0,-0.46006423234939575,0.8878856897354126);
															};
															Children = {
																{
																	ID = 97;
																	Type = "Pose";
																	Properties = {
																		Name = "LeftUpperArm";
																		CFrame = CFrame.new(-0.0873609259724617,-0.08852216601371765,0.17383398115634918,0.9983029961585999,0.05752328038215637,0.00906778872013092,-0.03989529609680176,0.7890170812606812,-0.6130746603012085,-0.04242068529129028,0.6116725206375122,0.7899730205535889);
																	};
																	Children = {
																		{
																			ID = 98;
																			Type = "Pose";
																			Properties = {
																				Name = "LeftLowerArm";
																				CFrame = CFrame.new(0.47011101245880127,-0.5734070539474487,0.021324777975678444,-0.2202666997909546,-0.9754397869110107,0,0.9754397869110107,-0.2202666997909546,0,0,0,1);
																			};
																			Children = {
																				{
																					ID = 99;
																					Type = "Pose";
																					Properties = {
																						Name = "LeftHand";
																					};
																					Children = {};
																				};
																			};
																		};
																	};
																};
																{
																	ID = 100;
																	Type = "Pose";
																	Properties = {
																		Name = "RightUpperArm";
																		CFrame = CFrame.new(-0.0010767579078674316,-0.34499403834342957,-0.163843035697937,0.7826536893844604,0.4841390550136566,-0.39123204350471497,-0.16357414424419403,-0.44646909832954407,-0.8797208070755005,-0.6005802750587463,0.7525122761726379,-0.27023810148239136);
																	};
																	Children = {
																		{
																			ID = 101;
																			Type = "Pose";
																			Properties = {
																				Name = "RightLowerArm";
																				CFrame = CFrame.new(-0.11500215530395508,-0.3013235330581665,-0.03421265631914139,0.4993515610694885,0.8663995265960693,0,-0.8663995265960693,0.4993515610694885,0,0,0,1);
																			};
																			Children = {
																				{
																					ID = 102;
																					Type = "Pose";
																					Properties = {
																						Name = "RightHand";
																					};
																					Children = {};
																				};
																			};
																		};
																	};
																};
																{
																	ID = 103;
																	Type = "Pose";
																	Properties = {
																		Name = "Head";
																		CFrame = CFrame.new(0,-0.0000013113021850585938,2.9802322387695312e-08,1,0,0,0,0.9533602595329285,-0.30183494091033936,0,0.30183494091033936,0.9533602595329285);
																	};
																	Children = {};
																};
																{
																	ID = 104;
																	Type = "Pose";
																	Properties = {
																		Name = "TtsW";
																	};
																	Children = {};
																};
															};
														};
														{
															ID = 105;
															Type = "Pose";
															Properties = {
																Name = "Btt";
																CFrame = CFrame.new(0.0000014156103134155273,0.000005543231964111328,4.76837158203125e-07,0.9995788931846619,-0.002376364544034004,0.02887192741036415,-0.0023835860192775726,0.9865014553070068,0.16373871266841888,-0.028871282935142517,-0.16373947262763977,0.9860806465148926);
															};
															Children = {};
														};
														{
															ID = 106;
															Type = "Pose";
															Properties = {
																Name = "RightUpperLeg";
